  PYTHIA EVENT FILE 
 ============================================
I, ievent, genevent, subprocess, nucleon,                 targetparton, xtargparton, beamparton, xbeamparton,               thetabeamprtn, truey, trueQ2, truex, trueW2, trueNu, leptonphi,   s_hat, t_hat, u_hat, pt2_hat, Q2_hat, F2, F1, R, sigma_rad,       SigRadCor, EBrems, photonflux, t-diff, nrTracks
 ============================================
  I  K(I,1)  K(I,2)  K(I,3)  K(I,4)  K(I,5)            P(I,1)  P(I,2)  P(I,3)  P(I,4)  P(I,5)  V(I,1)  V(I,2)  V(I,3)
 ============================================
   0          1    1   11 2212          1  0.090137            2     0.675612     0.020557      0.12768118372        0.36923664808        0.00289160968      128.20353698730       68.04673767090        0.81982322395        7.80732071755          -2.032443749          -5.774876969           1.503347053           1.503347053           0.168718189          21.978286743           0.314736209           0.002304333           1.466787457           0.000000000           0.621129390          -2.032443749             52
 ============================================
     1     21         11        0        3        4        0.000000        0.000000       -5.000000        5.000000        0.000510        0.000000        0.000000        0.000000
     2     21       2212        0        5        0       -0.000000        0.000000       50.000000       50.008803        0.938270        0.000000        0.000000        0.000000
     3     21         11        1        0        0       -0.387255        0.414880       -4.343131        4.380054        0.000510        0.000000        0.000000        0.000000
     4     21         22        1        0        0        0.387255       -0.414880       -0.656869        0.619946       -0.607648        0.000000        0.000000        0.000000
     5     21       2212        2        0        0        0.000000       -0.000000       50.000000       50.008803        0.938270        0.000000        0.000000        0.000000
     6     21          2        4        0        0       -0.292469        0.119514       -0.379484        0.493791       -0.000000        0.000000        0.000000        0.000000
     7     21          1        5        0        0        0.159844        0.440911       22.810733       22.815554       -0.000000        0.000000        0.000000        0.000000
     8     21          2        6        0        0       -0.193768        0.079181       -0.251419        0.327150        0.000000        0.000000        0.000000        0.000000
     9     21          1        7        0        0       -0.783474       -0.516498        6.902906        6.966399        0.000000        0.000000        0.000000        0.000000
    10     21          2        0        0        0       -1.394054        0.544623        2.056178        2.564521        0.330000        0.000000        0.000000        0.000000
    11     21          1        0        0        0        0.416811       -0.981940        4.595309        4.729028        0.330000        0.000000        0.000000        0.000000
    12      1         11        3        0        0       -0.387255        0.414880       -4.343131        4.380054        0.000510        0.000000        0.000000        0.000000
    13     12          2       10       22       22       -1.394054        0.544623        2.056178        2.564521        0.330000        0.000000        0.000000        0.000000
    14     12         21        7       22       22        1.317026        0.847196       15.063428       15.144608        0.000000        0.000000        0.000000        0.000000
    15     12         21        7       22       22       -0.472409        0.150546        0.716334        0.871188        0.000000        0.000000        0.000000        0.000000
    16     11       2203        5       22       22       -0.156230       -0.444783       26.026353       26.042048        0.771330        0.000000        0.000000        0.000000
    17     12          1       11       19       19        0.416811       -0.981940        4.595309        4.729028        0.330000        0.000000        0.000000        0.000000
    18     11         -2        4       19       19        0.676110       -0.530522        0.885528        1.277356        0.330000        0.000000        0.000000        0.000000
    19     11         91       17       20       21        1.092921       -1.512461        5.480837        6.006384        1.598452        0.000000        0.000000        0.000000
    20     11       -213       19       29       30        0.609808       -0.225614        2.201549        2.408772        0.729793        0.000000        0.000000        0.000000
    21     11        221       19       31       32        0.483113       -1.286847        3.279289        3.597612        0.547450        0.000000        0.000000        0.000000
    22     11         92       13       23       28       -0.705666        1.097581       43.862293       44.622365        8.096420        0.000000        0.000000        0.000000
    23      1        211       22        0        0       -0.959238        0.401788        1.503993        1.833861        0.139570        0.000000        0.000000        0.000000
    24     11        223       22       33       35        0.340687        0.451872        3.875066        3.988007        0.753533        0.000000        0.000000        0.000000
    25     11       -213       22       36       37       -0.281804        0.697332        5.473543        5.580125        0.782588        0.000000        0.000000        0.000000
    26     11        111       22       38       39        0.398951       -0.859430        4.231919        4.338794        0.134980        0.000000        0.000000        0.000000
    27     11        221       22       40       42       -0.007774        0.623632        4.934531        5.003826        0.547450        0.000000        0.000000        0.000000
    28     11       2224       22       43       44       -0.196487       -0.217613       23.843242       23.877751        1.249329        0.000000        0.000000        0.000000
    29      1       -211       20        0        0        0.512917       -0.166835        0.689367        0.886355        0.139570        0.000000        0.000000        0.000000
    30     11        111       20       45       46        0.096892       -0.058780        1.512181        1.522417        0.134980        0.000000        0.000000        0.000000
    31      1         22       21        0        0        0.526749       -0.924437        2.798632        2.994059        0.000000        0.000000        0.000000        0.000000
    32      1         22       21        0        0       -0.043636       -0.362410        0.480657        0.603553        0.000000        0.000000        0.000000        0.000000
    33      1       -211       24        0        0        0.068535        0.087212        1.884964        1.893376        0.139570        0.000000        0.000000        0.000000
    34      1        211       24        0        0        0.121359       -0.039317        0.415842        0.456813        0.139570        0.000000        0.000000        0.000000
    35     11        111       24       47       48        0.150793        0.403977        1.574260        1.637819        0.134980        0.000000        0.000000        0.000000
    36      1       -211       25        0        0        0.021661        0.112185        3.297647        3.302577        0.139570        0.000000        0.000000        0.000000
    37     11        111       25       49       50       -0.303465        0.585147        2.175895        2.277549        0.134980        0.000000        0.000000        0.000000
    38      1         22       26        0        0        0.162967       -0.310761        1.290908        1.337749        0.000000        0.000024       -0.000051        0.000252
    39      1         22       26        0        0        0.235984       -0.548669        2.941011        3.001045        0.000000        0.000024       -0.000051        0.000252
    40      1        211       27        0        0       -0.056743        0.124926        0.923136        0.943655        0.139570        0.000000        0.000000        0.000000
    41      1       -211       27        0        0       -0.046662        0.298452        2.889602        2.908699        0.139570        0.000000        0.000000        0.000000
    42     11        111       27       51       52        0.095630        0.200254        1.121793        1.151471        0.134980        0.000000        0.000000        0.000000
    43      1       2212       28        0        0        0.034944       -0.321228       17.964618       17.992006        0.938270        0.000000        0.000000        0.000000
    44      1        211       28        0        0       -0.231432        0.103616        5.878624        5.885745        0.139570        0.000000        0.000000        0.000000
    45      1         22       30        0        0        0.020226        0.040125        0.246243        0.250309        0.000000        0.000012       -0.000007        0.000185
    46      1         22       30        0        0        0.076665       -0.098904        1.265938        1.272108        0.000000        0.000012       -0.000007        0.000185
    47      1         22       35        0        0       -0.002044        0.137857        0.631205        0.646087        0.000000        0.000089        0.000238        0.000926
    48      1         22       35        0        0        0.152837        0.266120        0.943056        0.991732        0.000000        0.000089        0.000238        0.000926
    49      1         22       37        0        0       -0.150641        0.187779        0.941783        0.972065        0.000000       -0.000119        0.000229        0.000851
    50      1         22       37        0        0       -0.152824        0.397368        1.234112        1.305484        0.000000       -0.000119        0.000229        0.000851
    51      1         22       42        0        0        0.051709        0.008852        0.400588        0.404008        0.000000        0.000023        0.000048        0.000269
    52      1         22       42        0        0        0.043921        0.191402        0.721205        0.747463        0.000000        0.000023        0.000048        0.000269
 =============== Event finished ===============
   0          2    1   95 2212         21  0.000000           21     0.000000     0.000000      0.31114314561        0.23951479793        0.00076972198      311.81137084961      165.82142639160        2.87363512189        0.00000000000           0.000000000           0.000000000           0.000000000           0.000000000           0.131739840          64.673561096           0.314736209           0.000776236           1.513647318           0.000000000           0.516927147           0.000000000             53
 ============================================
     1     21         11        0        3        4        0.000000        0.000000       -5.000000        5.000000        0.000510        0.000000        0.000000        0.000000
     2     21       2212        0        5        0       -0.000000        0.000000       50.000000       50.008803        0.938270        0.000000        0.000000        0.000000
     3     21         11        1        0        0        0.391696        0.107544       -3.432307        3.456259        0.000510        0.000000        0.000000        0.000000
     4     21         22        1        0        0       -0.391696       -0.107544       -1.567693        1.543741       -0.489402        0.000000        0.000000        0.000000
     5     21       2212        2        0        0       -0.000000       -0.000000       50.000000       50.008803        0.938270        0.000000        0.000000        0.000000
     6     21         21        4        0        0        0.000000        0.000000        0.000000        0.000000        0.000000        0.000000        0.000000        0.000000
     7     21         21        5        0        0        0.000000        0.000000        0.000000        0.000000        0.000000        0.000000        0.000000        0.000000
     8     21         21        6        0        0        0.000000        0.000000        0.000000        0.000000        0.000000        0.000000        0.000000        0.000000
     9     21         21        7        0        0        0.000000        0.000000        0.000000        0.000000        0.000000        0.000000        0.000000        0.000000
    10     21         21        0        0        0        0.000000        0.000000        0.000000        0.000000        0.000000        0.000000        0.000000        0.000000
    11     21         21        0        0        0        0.000000        0.000000        0.000000        0.000000        0.000000        0.000000        0.000000        0.000000
    12      1         11        3        0        0        0.391696        0.107544       -3.432307        3.456259        0.000510        0.000000        0.000000        0.000000
    13     12         -2        4       17       17       -0.300253       -0.224225       -0.061569        0.503110        0.330000        0.000000        0.000000        0.000000
    14     11          1        5       17       17       -0.033927        0.121916       -0.136080        0.378724        0.330000        0.000000        0.000000        0.000000
    15     12          2        4       19       19       -0.026957        0.134386       -0.985897        1.048656        0.330000        0.000000        0.000000        0.000000
    16     11       2203        5       21       21       -0.030560       -0.139621       49.615853       49.622054        0.771330        0.000000        0.000000        0.000000
    17     11         91       13       18       18       -0.334179       -0.102309       -0.197649        0.881834        0.785126        0.000000        0.000000        0.000000
    18      1       -211       17        0        0       -0.059406       -0.018187       -0.035136        0.156762        0.139570        0.000000        0.000000        0.000000
    19     12          2       15       22       22       -0.026957        0.134386       -0.985897        1.048656        0.330000        0.000000        0.000000        0.000000
    20     12         21       17       22       22       -0.274773       -0.084122       -0.162513        0.725072        0.645556        0.000000        0.000000        0.000000
    21     11       2203       16       22       22       -0.030560       -0.139621       49.615853       49.622054        0.771330        0.000000        0.000000        0.000000
    22     11         92       19       23       31       -0.332290       -0.089357       48.467443       51.395782       17.097222        0.000000        0.000000        0.000000
    23      1        211       22        0        0        0.215503       -0.169311       -0.088501        0.320031        0.139570        0.000000        0.000000        0.000000
    24     11       -213       22       32       33       -0.709396        0.269622       -0.248913        1.079444        0.726157        0.000000        0.000000        0.000000
    25     11        323       22       34       35        0.184321        0.033670        0.423190        0.997626        0.883776        0.000000        0.000000        0.000000
    26     11       -311       22       36       36       -0.443330       -0.215433        1.017761        1.235502        0.497670        0.000000        0.000000        0.000000
    27     11        113       22       37       38        0.799347       -0.379547        6.844745        6.924714        0.564015        0.000000        0.000000        0.000000
    28     11        111       22       39       40       -0.451474        0.531088        3.623334        3.692242        0.134980        0.000000        0.000000        0.000000
    29     11        111       22       41       42       -0.335100        0.304012        0.571647        0.741427        0.134980        0.000000        0.000000        0.000000
    30     11       -213       22       43       44        0.291029       -0.321902        5.606270        5.666597        0.701248        0.000000        0.000000        0.000000
    31     11       2224       22       45       46        0.116810       -0.141555       30.717910       30.738198        1.101408        0.000000        0.000000        0.000000
    32      1       -211       24        0        0       -0.113435        0.178243        0.194211        0.319117        0.139570        0.000000        0.000000        0.000000
    33     11        111       24       47       48       -0.595961        0.091379       -0.443124        0.760328        0.134980        0.000000        0.000000        0.000000
    34      1        321       25        0        0        0.382646        0.051831        0.424683        0.757035        0.493600        0.000000        0.000000        0.000000
    35     11        111       25       49       51       -0.198325       -0.018161       -0.001493        0.240592        0.134980        0.000000        0.000000        0.000000
    36      1        130       26        0        0       -0.443330       -0.215433        1.017761        1.235502        0.497670        0.000000        0.000000        0.000000
    37      1       -211       27        0        0        0.319906       -0.032558        4.020413        4.035666        0.139570        0.000000        0.000000        0.000000
    38      1        211       27        0        0        0.479441       -0.346989        2.824332        2.889047        0.139570        0.000000        0.000000        0.000000
    39      1         22       28        0        0       -0.368052        0.412206        2.554680        2.613764        0.000000       -0.000066        0.000077        0.000528
    40      1         22       28        0        0       -0.083422        0.118882        1.068654        1.078478        0.000000       -0.000066        0.000077        0.000528
    41      1         22       29        0        0       -0.015552        0.080210        0.088756        0.120637        0.000000       -0.000028        0.000026        0.000048
    42      1         22       29        0        0       -0.319548        0.223801        0.482890        0.620791        0.000000       -0.000028        0.000026        0.000048
    43      1       -211       30        0        0        0.045090        0.096180        0.409325        0.445320        0.139570        0.000000        0.000000        0.000000
    44     11        111       30       52       53        0.245939       -0.418083        5.196945        5.221277        0.134980        0.000000        0.000000        0.000000
    45      1       2212       31        0        0        0.076249       -0.132281       24.205925       24.224584        0.938270        0.000000        0.000000        0.000000
    46      1        211       31        0        0        0.040561       -0.009274        6.511985        6.513613        0.139570        0.000000        0.000000        0.000000
    47      1         22       33        0        0       -0.155488        0.039729       -0.193573        0.251447        0.000000       -0.000077        0.000012       -0.000057
    48      1         22       33        0        0       -0.440473        0.051650       -0.249551        0.508881        0.000000       -0.000077        0.000012       -0.000057
    49      1         22       35        0        0       -0.215039       -0.022121       -0.006045        0.216258        0.000000       -0.000055       -0.000005       -0.000000
    50      1        -11       35        0        0        0.011040        0.002632       -0.005563        0.012650        0.000510       -0.000055       -0.000005       -0.000000
    51      1         11       35        0        0        0.005674        0.001328        0.010115        0.011684        0.000510       -0.000055       -0.000005       -0.000000
    52      1         22       44        0        0        0.038880       -0.082688        0.539499        0.547182        0.000000        0.000009       -0.000016        0.000196
    53      1         22       44        0        0        0.207060       -0.335394        4.657446        4.674095        0.000000        0.000009       -0.000016        0.000196
 =============== Event finished ===============
   0          3    1   28 2212         21  0.074914           -2     0.348754     0.072786      0.25010058143        0.83319258690        0.00333113666      250.16978454590      133.28926086426        2.05651535100        6.53604022631          -0.992759705          -5.543280521           0.841969349           0.841969349           0.227002874          27.416530609           0.404339097           0.000577124           1.453364968           6.912822166           0.591900587          -0.992759705             72
 ============================================
     1     21         11        0        3        4        0.000000        0.000000       -5.000000        5.000000        0.000510        0.000000        0.000000        0.000000
     2     21       2212        0        5        0       -0.000000        0.000000       50.000000       50.008803        0.938270        0.000000        0.000000        0.000000
     3     21         11        1        0        0        0.369017        0.699026       -3.707834        3.791153        0.000510        0.000000        0.000000        0.000000
     4     21         22        1        0        0       -0.369017       -0.699026       -1.292166        1.208847       -0.912794        0.000000        0.000000        0.000000
     5     21       2212        2        0        0       -0.000000       -0.000000       50.000000       50.008803        0.938270        0.000000        0.000000        0.000000
     6     21         -2        4        0        0       -0.070446       -0.357808       -0.360847        0.513030       -0.000000        0.000000        0.000000        0.000000
     7     21         21        5        0        0       -0.138293       -0.243850        3.844682        3.854889       -0.000000        0.000000        0.000000        0.000000
     8     21         -2        6        0        0       -0.070446       -0.357808       -0.360847        0.513030        0.000000        0.000000        0.000000        0.000000
     9     21         21        7        0        0       -0.138293       -0.243850        3.844682        3.854889        0.000000        0.000000        0.000000        0.000000
    10     21         -2        0        0        0       -0.699200       -1.035345        0.625586        1.435646        0.330000        0.000000        0.000000        0.000000
    11     21         21        0        0        0        0.490461        0.433687        2.858249        2.932273        0.000000        0.000000        0.000000        0.000000
    12     11       -423        4       20       21       -0.189480        0.290269        1.965250        2.830055        2.006700        0.000000        0.000000        0.000000
    13      1         11        3        0        0        0.369017        0.699026       -3.707834        3.791153        0.000510        0.000000        0.000000        0.000000
    14     12         -2       10       22       22       -0.558107       -0.828607        0.523994        1.175391        0.330000        0.000000        0.000000        0.000000
    15     12         21       11       22       22        0.610783       -0.239145        1.790316        1.906693        0.000000        0.000000        0.000000        0.000000
    16     12         21       11       22       22       -0.261416        0.466095        1.169525        1.285835        0.000000        0.000000        0.000000        0.000000
    17     11          2        5       22       22        0.002939        0.205721        0.906828        0.986695        0.330000        0.000000        0.000000        0.000000
    18     12          4        4       27       27       -0.096349       -0.607350        1.603353        2.280109        1.500000        0.000000        0.000000        0.000000
    19     11       2101        5       27       27        0.122612        0.013992       40.748567       40.752871        0.579330        0.000000        0.000000        0.000000
    20     11       -421       12       33       36       -0.138095        0.278124        1.850252        2.645036        1.864500        0.000000        0.000000        0.000000
    21     11        111       12       37       38       -0.051384        0.012145        0.114998        0.185019        0.134980        0.000000        0.000000        0.000000
    22     11         92       14       23       26       -0.205800       -0.395937        4.390664        5.354614        3.032300        0.000000        0.000000        0.000000
    23     11        113       22       39       40       -0.115831       -0.423508        0.772742        1.169430        0.760040        0.000000        0.000000        0.000000
    24      1       -211       22        0        0       -0.213784        0.197403        0.464332        0.565470        0.139570        0.000000        0.000000        0.000000
    25     11        113       22       41       42       -0.106211        0.417459        1.697467        1.846655        0.585823        0.000000        0.000000        0.000000
    26     11        213       22       43       44        0.230026       -0.587291        1.456122        1.773058        0.790963        0.000000        0.000000        0.000000
    27     11         92       18       28       32        0.026263       -0.593357       42.351920       43.032981        7.602602        0.000000        0.000000        0.000000
    28     11        433       27       45       46        0.559743       -0.458438        6.542637        6.913162        2.112400        0.000000        0.000000        0.000000
    29     11       -323       27       47       48       -0.818669        0.222994        4.628413        4.782717        0.855708        0.000000        0.000000        0.000000
    30     11        113       27       49       50       -0.041964       -0.626814        5.460243        5.568588        0.894572        0.000000        0.000000        0.000000
    31      1        211       27        0        0        0.229849        0.523093        8.797973        8.817611        0.139570        0.000000        0.000000        0.000000
    32      1       2112       27        0        0        0.097304       -0.254192       16.922654       16.950902        0.939570        0.000000        0.000000        0.000000
    33      1        321       20        0        0       -0.429627        0.246052        0.746977        1.023101        0.493600       -0.002998        0.006037        0.040164
    34      1       -211       20        0        0        0.011928        0.515456        0.338665        0.632464        0.139570       -0.002998        0.006037        0.040164
    35     11        111       20       51       52        0.159381       -0.195299        0.310228        0.421907        0.134980       -0.002998        0.006037        0.040164
    36     11        111       20       53       54        0.120223       -0.288085        0.454382        0.567564        0.134980       -0.002998        0.006037        0.040164
    37      1         22       21        0        0       -0.085946       -0.017429        0.107801        0.138966        0.000000       -0.000017        0.000004        0.000038
    38      1         22       21        0        0        0.034561        0.029574        0.007197        0.046053        0.000000       -0.000017        0.000004        0.000038
    39      1       -211       23        0        0       -0.084465       -0.514033        0.830777        0.990471        0.139570        0.000000        0.000000        0.000000
    40      1        211       23        0        0       -0.031367        0.090524       -0.058034        0.178959        0.139570        0.000000        0.000000        0.000000
    41      1       -211       25        0        0       -0.283681        0.096403        0.678979        0.755156        0.139570        0.000000        0.000000        0.000000
    42      1        211       25        0        0        0.177470        0.321057        1.018489        1.091500        0.139570        0.000000        0.000000        0.000000
    43      1        211       26        0        0        0.372751       -0.471762        1.411882        1.540907        0.139570        0.000000        0.000000        0.000000
    44     11        111       26       55       56       -0.142725       -0.115530        0.044240        0.232152        0.134980        0.000000        0.000000        0.000000
    45     11        431       28       57       59        0.475387       -0.343091        5.706147        6.064553        1.968500        0.000000        0.000000        0.000000
    46      1         22       28        0        0        0.084356       -0.115347        0.836491        0.848609        0.000000        0.000000        0.000000        0.000000
    47      1       -321       29        0        0       -0.379068       -0.030343        3.217656        3.277433        0.493600        0.000000        0.000000        0.000000
    48     11        111       29       60       61       -0.439600        0.253337        1.410757        1.505285        0.134980        0.000000        0.000000        0.000000
    49      1        211       30        0        0       -0.331374       -0.486894        4.600748        4.640392        0.139570        0.000000        0.000000        0.000000
    50      1       -211       30        0        0        0.289410       -0.139920        0.859495        0.928196        0.139570        0.000000        0.000000        0.000000
    51      1         22       35        0        0        0.078333       -0.155779        0.120830        0.212139        0.000000       -0.002972        0.006006        0.040214
    52      1         22       35        0        0        0.081047       -0.039520        0.189399        0.209767        0.000000       -0.002972        0.006006        0.040214
    53      1         22       36        0        0        0.135206       -0.290598        0.408490        0.519222        0.000000       -0.002935        0.005886        0.040403
    54      1         22       36        0        0       -0.014983        0.002513        0.045892        0.048342        0.000000       -0.002935        0.005886        0.040403
    55      1         22       44        0        0       -0.068048       -0.090171        0.086867        0.142503        0.000000       -0.000062       -0.000050        0.000019
    56      1         22       44        0        0       -0.074677       -0.025359       -0.042627        0.089648        0.000000       -0.000062       -0.000050        0.000019
    57     11        111       45       62       63        0.035242        0.042551        0.424395        0.448758        0.134980        0.015490       -0.011179        0.185932
    58     11        213       45       64       65        0.102020       -0.096804        1.847131        2.005927        0.769463        0.015490       -0.011179        0.185932
    59     11        333       45       66       67        0.338125       -0.288838        3.434621        3.609868        1.018220        0.015490       -0.011179        0.185932
    60      1         22       48        0        0       -0.260808        0.224010        0.915513        0.977939        0.000000       -0.000148        0.000085        0.000473
    61      1         22       48        0        0       -0.178793        0.029327        0.495244        0.527345        0.000000       -0.000148        0.000085        0.000473
    62      1         22       57        0        0       -0.045030        0.047237        0.201246        0.211564        0.000000        0.015495       -0.011174        0.185990
    63      1         22       57        0        0        0.080272       -0.004686        0.223149        0.237194        0.000000        0.015495       -0.011174        0.185990
    64      1        211       58        0        0        0.327185        0.171067        0.768294        0.863753        0.139570        0.015490       -0.011179        0.185932
    65     11        111       58       68       69       -0.225165       -0.267871        1.078837        1.142175        0.134980        0.015490       -0.011179        0.185932
    66      1        130       59        0        0        0.135326       -0.133453        2.008591        2.078037        0.497670        0.015490       -0.011179        0.185932
    67     11        310       59       70       71        0.202798       -0.155384        1.426029        1.531831        0.497670        0.015490       -0.011179        0.185932
    68      1         22       65        0        0       -0.197033       -0.152791        0.619171        0.667488        0.000000        0.015398       -0.011289        0.186373
    69      1         22       65        0        0       -0.028131       -0.115080        0.459666        0.474687        0.000000        0.015398       -0.011289        0.186373
    70      1        211       67        0        0        0.270715        0.038002        0.884038        0.935806        0.139570        5.505045       -4.217281       38.787156
    71      1       -211       67        0        0       -0.067917       -0.193386        0.541992        0.596025        0.139570        5.505045       -4.217281       38.787156
    72     55         22        1        0        0        0.006690       -0.011900       -0.064148        0.065585        0.000000        0.000000        0.000000        0.000000
 =============== Event finished ===============
   0          4    1   95 2212         21  0.000000           21     0.000000     0.000000      0.13705465446        0.12335542589        0.00089996628      137.82371520996       73.04225921631        2.21563301431        0.00000000000           0.000000000           0.000000000           0.000000000           0.000000000           0.076397017          33.954803467           0.404339097           0.003100931           1.618620992           0.000000000           0.620777446           0.000000000             51
 ============================================
     1     21         11        0        3        4        0.000000        0.000000       -5.000000        5.000000        0.000510        0.000000        0.000000        0.000000
     2     21       2212        0        5        0       -0.000000        0.000000       50.000000       50.008803        0.938270        0.000000        0.000000        0.000000
     3     21         11        1        0        0        0.196108        0.260751       -4.308558        4.320894        0.000510        0.000000        0.000000        0.000000
     4     21         22        1        0        0       -0.196108       -0.260751       -0.691442        0.679106       -0.351220        0.000000        0.000000        0.000000
     5     21       2212        2        0        0       -0.000000       -0.000000       50.000000       50.008803        0.938270        0.000000        0.000000        0.000000
     6     21         21        4        0        0        0.000000        0.000000        0.000000        0.000000        0.000000        0.000000        0.000000        0.000000
     7     21         21        5        0        0        0.000000        0.000000        0.000000        0.000000        0.000000        0.000000        0.000000        0.000000
     8     21         21        6        0        0        0.000000        0.000000        0.000000        0.000000        0.000000        0.000000        0.000000        0.000000
     9     21         21        7        0        0        0.000000        0.000000        0.000000        0.000000        0.000000        0.000000        0.000000        0.000000
    10     21         21        0        0        0        0.000000        0.000000        0.000000        0.000000        0.000000        0.000000        0.000000        0.000000
    11     21         21        0        0        0        0.000000        0.000000        0.000000        0.000000        0.000000        0.000000        0.000000        0.000000
    12      1         11        3        0        0        0.196108        0.260751       -4.308558        4.320894        0.000510        0.000000        0.000000        0.000000
    13     12         -2        4       17       17       -0.032131       -0.511131       -0.006970        0.609291        0.330000        0.000000        0.000000        0.000000
    14     11          2        5       17       17        0.263887       -0.161472        8.911264        8.922737        0.330000        0.000000        0.000000        0.000000
    15     12          2        4       21       21       -0.162367        0.252520       -0.237644        0.505474        0.330000        0.000000        0.000000        0.000000
    16     11       2103        5       21       21       -0.265496        0.159333       40.641908       40.650406        0.771330        0.000000        0.000000        0.000000
    17     11         92       13       18       20        0.231756       -0.672603        8.904295        9.532028        3.326710        0.000000        0.000000        0.000000
    18      1       -211       17        0        0        0.059310       -0.379110        2.702262        2.732937        0.139570        0.000000        0.000000        0.000000
    19     11        331       17       28       30       -0.436809       -0.500341        1.134027        1.626349        0.958045        0.000000        0.000000        0.000000
    20     11        213       17       31       32        0.609256        0.206848        5.068005        5.172743        0.811549        0.000000        0.000000        0.000000
    21     11         92       15       22       27       -0.427864        0.411853       40.404264       41.155880        7.807001        0.000000        0.000000        0.000000
    22     11        111       21       33       34       -0.065369       -0.410080        1.468469        1.532012        0.134980        0.000000        0.000000        0.000000
    23      1       2212       21        0        0       -0.025078        0.435735        1.583936        1.892009        0.938270        0.000000        0.000000        0.000000
    24      1      -2212       21        0        0        0.082136        0.755012        5.316975        5.452280        0.938270        0.000000        0.000000        0.000000
    25      1        211       21        0        0        0.220115       -0.671193        1.542299        1.702092        0.139570        0.000000        0.000000        0.000000
    26     11        221       21       35       37       -0.008141        0.560352        8.718672        8.753799        0.547450        0.000000        0.000000        0.000000
    27     11       2114       21       38       39       -0.631526       -0.257973       21.773913       21.823688        1.305640        0.000000        0.000000        0.000000
    28      1       -211       19        0        0       -0.064608       -0.011160        0.070961        0.169747        0.139570        0.000000        0.000000        0.000000
    29      1        211       19        0        0       -0.092303        0.044080        0.266671        0.317893        0.139570        0.000000        0.000000        0.000000
    30     11        221       19       40       41       -0.279898       -0.533262        0.796396        1.138709        0.547450        0.000000        0.000000        0.000000
    31      1        211       20        0        0       -0.147490        0.087719        1.794772        1.808352        0.139570        0.000000        0.000000        0.000000
    32     11        111       20       42       43        0.756745        0.119129        3.273233        3.364391        0.134980        0.000000        0.000000        0.000000
    33      1         22       22        0        0       -0.023274       -0.199620        0.947196        0.968282        0.000000       -0.000002       -0.000014        0.000052
    34      1         22       22        0        0       -0.042096       -0.210460        0.521273        0.563729        0.000000       -0.000002       -0.000014        0.000052
    35     11        111       26       44       45        0.046230        0.074043        2.430922        2.436231        0.134980        0.000000        0.000000        0.000000
    36     11        111       26       46       47        0.046634        0.068553        1.332463        1.341846        0.134980        0.000000        0.000000        0.000000
    37     11        111       26       48       49       -0.101005        0.417757        4.955287        4.975722        0.134980        0.000000        0.000000        0.000000
    38      1       2112       27        0        0       -0.610929       -0.466056       16.986120       17.029430        0.939570        0.000000        0.000000        0.000000
    39     11        111       27       50       51       -0.020597        0.208083        4.787793        4.794257        0.134980        0.000000        0.000000        0.000000
    40      1         22       30        0        0       -0.135470       -0.018832        0.518911        0.536633        0.000000        0.000000        0.000000        0.000000
    41      1         22       30        0        0       -0.144428       -0.514430        0.277485        0.602076        0.000000        0.000000        0.000000        0.000000
    42      1         22       32        0        0        0.022804        0.030102        0.129496        0.134890        0.000000        0.000001        0.000000        0.000003
    43      1         22       32        0        0        0.733941        0.089028        3.143737        3.229501        0.000000        0.000001        0.000000        0.000003
    44      1         22       35        0        0        0.040755       -0.033462        0.723697        0.725616        0.000000        0.000019        0.000031        0.001017
    45      1         22       35        0        0        0.005475        0.107505        1.707225        1.710616        0.000000        0.000019        0.000031        0.001017
    46      1         22       36        0        0       -0.044638        0.044466        0.609062        0.612312        0.000000        0.000014        0.000021        0.000410
    47      1         22       36        0        0        0.091273        0.024087        0.723401        0.729534        0.000000        0.000014        0.000021        0.000410
    48      1         22       37        0        0        0.015562        0.063518        0.412258        0.417412        0.000000       -0.000009        0.000036        0.000432
    49      1         22       37        0        0       -0.116567        0.354239        4.543029        4.558310        0.000000       -0.000009        0.000036        0.000432
    50      1         22       39        0        0       -0.076888        0.105961        2.281333        2.285086        0.000000       -0.000003        0.000025        0.000585
    51      1         22       39        0        0        0.056291        0.102122        2.506460        2.509171        0.000000       -0.000003        0.000025        0.000585
 =============== Event finished ===============
