  PYTHIA EVENT FILE 
 ============================================
I, ievent, genevent, subprocess, nucleon,                 targetparton, xtargparton, beamparton, xbeamparton,               thetabeamprtn, truey, trueQ2, truex, trueW2, trueNu, leptonphi,   s_hat, t_hat, u_hat, pt2_hat, Q2_hat, F2, F1, R, sigma_rad,       SigRadCor, EBrems, photonflux, t-diff, nrTracks
 ============================================
  I  K(I,1)  K(I,2)  K(I,3)  K(I,4)  K(I,5)            P(I,1)  P(I,2)  P(I,3)  P(I,4)  P(I,5)  V(I,1)  V(I,2)  V(I,3)
 ============================================
   0          1    1   99 2212         -2  0.000000           22     0.948683     0.000000      0.01283179131        0.00000096202        0.00000007496       13.71327018738        6.83860778809        4.40566809872       12.34194347350          -6.170971737          -6.170971737           0.000000000           0.000000962           0.000001296           8.641794205           0.000000000           0.053641092           1.020876527           0.000000000           0.517494938          -6.170971737             21
 ============================================
     1     21         11        0        3        4        0.000000        0.000000       -5.000000        5.000000        0.000510        0.000000        0.000000        0.000000
     2     21       2212        0        5        0       -0.000000        0.000000       50.000000       50.008803        0.938270        0.000000        0.000000        0.000000
     3     21         11        1        0        0        0.000294       -0.000929       -4.935841        4.935841        0.000510        0.000000        0.000000        0.000000
     4     21         22        1        0        0       -0.000294        0.000929       -0.064159        0.064159       -0.000981        0.000000        0.000000        0.000000
     5     21       2212        2        0        0       -0.000000        0.000000       50.000000       50.008803        0.938270        0.000000        0.000000        0.000000
     6     21         22        4        0        0       -0.000314        0.000993       -0.068560        0.068561       -0.000981        0.000000        0.000000        0.000000
     7     21         -2        5        0        0        0.000000       -0.000000        0.000004        0.000004        0.000000        0.000000        0.000000        0.000000
     8     21         22        6        0        0       -0.000314        0.000993       -0.068560        0.068561       -0.000981        0.000000        0.000000        0.000000
     9     21         -2        7        0        0        0.000000       -0.000000        0.000004        0.000004        0.000000        0.000000        0.000000        0.000000
    10     21         -2        9        0        0       -0.000314        0.000993       -0.068556        0.068564        0.000000        0.000000        0.000000        0.000000
    11      1       2212        5        0        0        0.153938       -0.684383       32.811809       32.832716        0.938270        0.000000        0.000000        0.000000
    12      1         11        3        0        0        0.000294       -0.000929       -4.935841        4.935841        0.000510        0.000000        0.000000        0.000000
    13     12         -2       10       15       15       -0.282520        0.334742        0.829097        0.937695        0.000000        0.000000        0.000000        0.000000
    14     11          2        5       15       15        0.128288        0.350570       16.294935       16.302551        0.330000        0.000000        0.000000        0.000000
    15     11         92       13       16       17       -0.154232        0.685312       17.124032       17.240246        1.870871        0.000000        0.000000        0.000000
    16     11        111       15       18       19       -0.558067        0.262586        2.368686        2.451384        0.134980        0.000000        0.000000        0.000000
    17     11        113       15       20       21        0.403835        0.422726       14.755346       14.788862        0.805243        0.000000        0.000000        0.000000
    18      1         22       16        0        0       -0.174357        0.149436        0.951476        0.978795        0.000000       -0.000274        0.000129        0.001164
    19      1         22       16        0        0       -0.383710        0.113149        1.417210        1.472589        0.000000       -0.000274        0.000129        0.001164
    20      1       -211       17        0        0        0.003942       -0.194373        2.862753        2.872739        0.139570        0.000000        0.000000        0.000000
    21      1        211       17        0        0        0.399893        0.617099       11.892593       11.916123        0.139570        0.000000        0.000000        0.000000
 =============== Event finished ===============
   0          2    1   11 2212          2  0.278726            2     0.513826     0.013669      0.04813903022        0.00001356895        0.00000028185       49.02360916138       25.65534019470        2.46862173008        7.02101460236          -1.739140811          -5.281873792           1.308346840           1.308346840           0.000017555          31.140117645           0.000014262           0.001848662           1.029386997          54.356347411           0.455659330          -1.739140811             40
 ============================================
     1     21         11        0        3        4        0.000000        0.000000       -5.000000        5.000000        0.000510        0.000000        0.000000        0.000000
     2     21       2212        0        5        0       -0.000000        0.000000       50.000000       50.008803        0.938270        0.000000        0.000000        0.000000
     3     21         11        1        0        0        0.002810        0.002240       -4.759304        4.759306        0.000510        0.000000        0.000000        0.000000
     4     21         22        1        0        0       -0.002810       -0.002240       -0.240696        0.240694       -0.003684        0.000000        0.000000        0.000000
     5     21       2212        2        0        0       -0.000000       -0.000000       50.000000       50.008803        0.938270        0.000000        0.000000        0.000000
     6     21          2        4        0        0        0.237974       -0.191628        0.057281        0.310860       -0.000000        0.000000        0.000000        0.000000
     7     21          2        5        0        0       -0.062163       -0.179835       13.919816       13.921116       -0.000000        0.000000        0.000000        0.000000
     8     21          2        6        0        0        0.237974       -0.191628        0.057281        0.310860        0.000000        0.000000        0.000000        0.000000
     9     21          2        7        0        0       -0.062163       -0.179835       13.919816       13.921116        0.000000        0.000000        0.000000        0.000000
    10     21          2        0        0        0        0.577802        0.843429        3.230934        3.404859        0.330000        0.000000        0.000000        0.000000
    11     21          2        0        0        0       -0.401991       -1.214891       10.746162       10.827117        0.330000        0.000000        0.000000        0.000000
    12      1         11        3        0        0        0.002810        0.002240       -4.759304        4.759306        0.000510        0.000000        0.000000        0.000000
    13     12          2       10       18       18        0.275123        0.386189        1.857284        1.945055        0.330000        0.000000        0.000000        0.000000
    14     11       2101        5       18       18        0.062175        0.179845       35.456624       35.461867        0.579330        0.000000        0.000000        0.000000
    15     12          2       11       22       22       -0.171045       -0.312822       11.551281       11.561492        0.330000        0.000000        0.000000        0.000000
    16     12         21       11       22       22        0.071734       -0.444829        0.568532        0.725429        0.000000        0.000000        0.000000        0.000000
    17     11         -2        4       22       22       -0.240797        0.189378        0.325584        0.555654        0.330000        0.000000        0.000000        0.000000
    18     11         92       13       19       21        0.337298        0.566033       37.313908       37.406922        2.552628        0.000000        0.000000        0.000000
    19      1        211       18        0        0       -0.116837        0.080322        5.162663        5.166495        0.139570        0.000000        0.000000        0.000000
    20     11       -213       18       27       28        0.891403       -0.013395       12.624266       12.679661        0.779053        0.000000        0.000000        0.000000
    21      1       2212       18        0        0       -0.437268        0.499106       19.526979       19.560766        0.938270        0.000000        0.000000        0.000000
    22     11         92       15       23       26       -0.340108       -0.568273       12.445396       12.842575        3.099233        0.000000        0.000000        0.000000
    23     11        111       22       29       30        0.047040       -0.027586        5.967512        5.969287        0.134980        0.000000        0.000000        0.000000
    24     11        213       22       31       32       -0.074757        0.030486        1.385527        1.535616        0.657202        0.000000        0.000000        0.000000
    25     11        113       22       33       34       -0.161174       -0.777670        4.702006        4.850474        0.887408        0.000000        0.000000        0.000000
    26      1       -211       22        0        0       -0.151216        0.206497        0.390351        0.487197        0.139570        0.000000        0.000000        0.000000
    27      1       -211       20        0        0        0.096628        0.224870        5.266105        5.273636        0.139570        0.000000        0.000000        0.000000
    28     11        111       20       35       36        0.794775       -0.238264        7.358162        7.406025        0.134980        0.000000        0.000000        0.000000
    29      1         22       23        0        0       -0.016850       -0.012502        0.155991        0.157395        0.000000        0.000001       -0.000001        0.000143
    30      1         22       23        0        0        0.063890       -0.015084        5.811521        5.811892        0.000000        0.000001       -0.000001        0.000143
    31      1        211       24        0        0       -0.142110        0.156501        0.171801        0.306077        0.139570        0.000000        0.000000        0.000000
    32     11        111       24       37       39        0.067353       -0.126015        1.213726        1.229539        0.134980        0.000000        0.000000        0.000000
    33      1        211       25        0        0        0.107446       -0.853240        3.690386        3.791833        0.139570        0.000000        0.000000        0.000000
    34      1       -211       25        0        0       -0.268621        0.075571        1.011620        1.058642        0.139570        0.000000        0.000000        0.000000
    35      1         22       28        0        0        0.233300       -0.118384        1.949374        1.966851        0.000000        0.000159       -0.000048        0.001473
    36      1         22       28        0        0        0.561475       -0.119880        5.408788        5.439174        0.000000        0.000159       -0.000048        0.001473
    37      1         22       32        0        0        0.053368        0.007024        0.235677        0.241746        0.000000        0.000024       -0.000044        0.000424
    38      1        -11       32        0        0       -0.005519       -0.002156        0.051499        0.051841        0.000510        0.000024       -0.000044        0.000424
    39      1         11       32        0        0        0.019504       -0.130884        0.926550        0.935952        0.000510        0.000024       -0.000044        0.000424
    40     55         22        1        0        0        0.000080       -0.000170       -0.510057        0.510057        0.000000        0.000000        0.000000        0.000000
 =============== Event finished ===============
   0          3    1   91 2212          0  1.000000            0     1.000000     0.000000      0.05415287215        0.00000368190        0.00000006798       55.03798675537       28.86037063599        2.01883384909       55.03798613458          -0.154950579         -52.770596883           0.150486459           1.195614574           0.000004756          34.978744507           0.000003954           0.005478438           0.996377230           0.688085774           0.484659212          -0.154950579             13
 ============================================
     1     21         11        0        3        4        0.000000        0.000000       -5.000000        5.000000        0.000510        0.000000        0.000000        0.000000
     2     21       2212        0        5        0       -0.000000        0.000000       50.000000       50.008803        0.938270        0.000000        0.000000        0.000000
     3     21         11        1        0        0        0.000808        0.001682       -4.729235        4.729236        0.000510        0.000000        0.000000        0.000000
     4     21         22        1        0        0       -0.000808       -0.001682       -0.270765        0.270764       -0.001919        0.000000        0.000000        0.000000
     5     21       2212        2        0        0       -0.000000       -0.000000       50.000000       50.008803        0.938270        0.000000        0.000000        0.000000
     6     21        113        4        0        0        0.073052       -0.382506        0.991382        1.531139        1.099955        0.000000        0.000000        0.000000
     7     21       2212        5        0        0       -0.073860        0.380824       48.737854       48.748428        0.938270        0.000000        0.000000        0.000000
     8     11        113        6        9       10        0.073052       -0.382506        0.991382        1.531139        1.099955        0.000000        0.000000        0.000000
     9      1        211        8        0        0       -0.452767       -0.085549        0.188924        0.517193        0.139570        0.000000        0.000000        0.000000
    10      1       -211        8        0        0        0.525819       -0.296957        0.802457        1.013946        0.139570        0.000000        0.000000        0.000000
    11      1       2212        7        0        0       -0.073860        0.380824       48.737854       48.748428        0.938270        0.000000        0.000000        0.000000
    12      1         11        3        0        0        0.000808        0.001682       -4.729235        4.729236        0.000510        0.000000        0.000000        0.000000
    13     55         22        1        0        0        0.000000       -0.000006       -0.006457        0.006457        0.000000        0.000000        0.000000        0.000000
 =============== Event finished ===============
   0          4    1   99 2212          2  0.123527           22     0.948683     0.000000      0.04451235815        5.49894952774        0.12352671474       39.89767837524       23.72253036499        4.99264082881       35.90790986644         -17.953954933         -17.953954933           0.000000000           5.498949528           0.352276385           1.434642434           0.397917669           0.000787525           1.008064270           0.000000000           0.478242814         -17.953954933             32
 ============================================
     1     21         11        0        3        4        0.000000        0.000000       -5.000000        5.000000        0.000510        0.000000        0.000000        0.000000
     2     21       2212        0        5        0       -0.000000        0.000000       50.000000       50.008803        0.938270        0.000000        0.000000        0.000000
     3     21         11        1        0        0       -0.634016       -2.202766       -4.502466        5.052362        0.000510        0.000000        0.000000        0.000000
     4     21         22        1        0        0        0.634016        2.202766       -0.497529       -0.052357       -2.344984        0.000000        0.000000        0.000000
     5     21       2212        2        0        0        0.000000        0.000000       49.999995       50.008798        0.938270        0.000000        0.000000        0.000000
     6     21         22        4        0        0        0.646463        2.246014       -0.267133        0.186821       -2.344984        0.000000        0.000000        0.000000
     7     21          2        5        0        0       -0.001508       -0.005239        6.028653        6.028656        0.000000        0.000000        0.000000        0.000000
     8     21         22        6        0        0        0.646463        2.246014       -0.267133        0.186821       -2.344984        0.000000        0.000000        0.000000
     9     21          2        7        0        0       -0.001508       -0.005239        6.028653        6.028656        0.000000        0.000000        0.000000        0.000000
    10     21          2        9        0        0        0.644956        2.240775        5.761520        6.215477        0.000000        0.000000        0.000000        0.000000
    11      1         11        3        0        0       -0.634016       -2.202766       -4.502466        5.052362        0.000510        0.000000        0.000000        0.000000
    12     12          2       10       14       14        0.431652        1.697580        3.230199        3.674546        0.000000        0.000000        0.000000        0.000000
    13     11       2103        5       14       14        0.202364        0.505186       46.272267       46.281895        0.771330        0.000000        0.000000        0.000000
    14     11         92       12       15       19        0.634016        2.202766       49.502466       49.956441        6.316461        0.000000        0.000000        0.000000
    15     11        113       14       20       21        0.038345        0.465507        6.453027        6.554170        1.047573        0.000000        0.000000        0.000000
    16      1        321       14        0        0        0.135822        0.378247        2.705901        2.779759        0.493600        0.000000        0.000000        0.000000
    17     11       -311       14       22       22        0.042336        0.251715       10.008574       10.024190        0.497670        0.000000        0.000000        0.000000
    18     11        113       14       23       24       -0.037966        0.448452        1.389872        1.617741        0.694832        0.000000        0.000000        0.000000
    19     11       2114       14       25       26        0.455478        0.658845       28.945092       28.980582        1.189211        0.000000        0.000000        0.000000
    20      1       -211       15        0        0       -0.287000        0.588927        5.289159        5.331405        0.139570        0.000000        0.000000        0.000000
    21      1        211       15        0        0        0.325346       -0.123419        1.163869        1.222764        0.139570        0.000000        0.000000        0.000000
    22     11        310       17       27       28        0.042336        0.251715       10.008574       10.024190        0.497670        0.000000        0.000000        0.000000
    23      1       -211       18        0        0        0.129881        0.343720        0.282079        0.483798        0.139570        0.000000        0.000000        0.000000
    24      1        211       18        0        0       -0.167847        0.104732        1.107793        1.133943        0.139570        0.000000        0.000000        0.000000
    25      1       2212       19        0        0        0.400118        0.528941       19.783610       19.816948        0.938270        0.000000        0.000000        0.000000
    26      1       -211       19        0        0        0.055360        0.129904        9.161482        9.163633        0.139570        0.000000        0.000000        0.000000
    27     11        111       22       29       30        0.077861        0.126950        8.696996        8.699318        0.134980        0.309525        1.840313       73.173671
    28     11        111       22       31       32       -0.035524        0.124765        1.311579        1.324872        0.134980        0.309525        1.840313       73.173671
    29      1         22       27        0        0       -0.038786        0.036528        2.444885        2.445466        0.000000        0.309560        1.840370       73.177617
    30      1         22       27        0        0        0.116647        0.090422        6.252111        6.253853        0.000000        0.309560        1.840370       73.177617
    31      1         22       28        0        0        0.043813        0.078303        0.808260        0.813225        0.000000        0.309525        1.840314       73.173680
    32      1         22       28        0        0       -0.079337        0.046462        0.503319        0.511647        0.000000        0.309525        1.840314       73.173680
 =============== Event finished ===============
   0          5    1   99 2212          3  0.000000           22     0.948683     0.000000      0.15828847396        0.00000546081        0.00000003450      159.18275451660       84.35866546631        6.02090005893      143.26447788928         -71.632238945         -71.632238945           0.000000000           0.000005461           0.000007045         102.116477966           0.397917669           0.001723231           1.025103807           0.000000000           0.450840932         -71.632238945             31
 ============================================
     1     21         11        0        3        4        0.000000        0.000000       -5.000000        5.000000        0.000510        0.000000        0.000000        0.000000
     2     21       2212        0        5        0       -0.000000        0.000000       50.000000       50.008803        0.938270        0.000000        0.000000        0.000000
     3     21         11        1        0        0       -0.002069       -0.000556       -4.208557        4.208558        0.000510        0.000000        0.000000        0.000000
     4     21         22        1        0        0        0.002069        0.000556       -0.791443        0.791442       -0.002337        0.000000        0.000000        0.000000
     5     21       2212        2        0        0       -0.000000        0.000000       50.000000       50.008803        0.938270        0.000000        0.000000        0.000000
     6     21         22        4        0        0        0.002081        0.000559       -0.795844        0.795843       -0.002337        0.000000        0.000000        0.000000
     7     21          3        5        0        0       -0.000000       -0.000000        0.000002        0.000002        0.000000        0.000000        0.000000        0.000000
     8     21         22        6        0        0        0.002081        0.000559       -0.795844        0.795843       -0.002337        0.000000        0.000000        0.000000
     9     21          3        7        0        0       -0.000000       -0.000000        0.000002        0.000002        0.000000        0.000000        0.000000        0.000000
    10     21          3        9        0        0        0.002081        0.000559       -0.795842        0.795845        0.000000        0.000000        0.000000        0.000000
    11     11        311        5       15       15        0.429591       -0.360460       29.840590       29.850008        0.497670        0.000000        0.000000        0.000000
    12      1         11        3        0        0       -0.002069       -0.000556       -4.208557        4.208558        0.000510        0.000000        0.000000        0.000000
    13     12          3       10       16       16       -0.058021       -0.270753       -0.752430        0.801763        0.000000        0.000000        0.000000        0.000000
    14     11       2203        5       16       16       -0.369501        0.631768       20.120397       20.148474        0.771330        0.000000        0.000000        0.000000
    15      1        130       11        0        0        0.429591       -0.360460       29.840590       29.850008        0.497670        0.000000        0.000000        0.000000
    16     11         92       13       17       21       -0.427522        0.361016       19.367967       20.950237        7.967507        0.000000        0.000000        0.000000
    17     11       3122       16       22       23       -0.198385       -0.418808        1.232862        1.726107        1.115680        0.000000        0.000000        0.000000
    18      1      -2112       16        0        0       -0.089379        0.409713        0.704514        1.246990        0.939570        0.000000        0.000000        0.000000
    19     11        111       16       24       25        0.066534       -0.102479       -0.162086        0.243763        0.134980        0.000000        0.000000        0.000000
    20     11       -213       16       26       27       -0.092149        0.075271        3.316028        3.399707        0.740141        0.000000        0.000000        0.000000
    21     11       2224       16       28       29       -0.114144        0.397319       14.276649       14.333669        1.208496        0.000000        0.000000        0.000000
    22      1       2212       17        0        0       -0.074328       -0.328461        0.966351        1.388379        0.938270       -0.411034       -0.867730        2.554372
    23      1       -211       17        0        0       -0.124057       -0.090347        0.266510        0.337728        0.139570       -0.411034       -0.867730        2.554372
    24      1         22       19        0        0        0.043437       -0.038519       -0.165788        0.175659        0.000000        0.000011       -0.000018       -0.000028
    25      1         22       19        0        0        0.023098       -0.063960        0.003702        0.068104        0.000000        0.000011       -0.000018       -0.000028
    26      1       -211       20        0        0        0.252062       -0.106856        0.962597        1.010458        0.139570        0.000000        0.000000        0.000000
    27     11        111       20       30       31       -0.344211        0.182128        2.353431        2.389249        0.134980        0.000000        0.000000        0.000000
    28      1       2212       21        0        0       -0.288080        0.383649       11.779606       11.826650        0.938270        0.000000        0.000000        0.000000
    29      1        211       21        0        0        0.173936        0.013670        2.497043        2.507019        0.139570        0.000000        0.000000        0.000000
    30      1         22       27        0        0       -0.250591        0.085084        1.256920        1.284478        0.000000       -0.000012        0.000006        0.000084
    31      1         22       27        0        0       -0.093620        0.097044        1.096511        1.104771        0.000000       -0.000012        0.000006        0.000084
 =============== Event finished ===============
   0          6    1   95 2212         21  0.000000           21     0.000000     0.000000      0.06646485674        0.05791736394        0.00087132159       67.29314422607       35.42195510864        4.58300354324        0.00000000000           0.000000000           0.000000000           0.000000000           0.000000000           0.056149397          29.648721695           0.000045959           0.004969511           1.091390491           0.000000000           0.555481424           0.000000000             36
 ============================================
     1     21         11        0        3        4        0.000000        0.000000       -5.000000        5.000000        0.000510        0.000000        0.000000        0.000000
     2     21       2212        0        5        0       -0.000000        0.000000       50.000000       50.008803        0.938270        0.000000        0.000000        0.000000
     3     21         11        1        0        0        0.030001       -0.230582       -4.664780        4.670571        0.000510        0.000000        0.000000        0.000000
     4     21         22        1        0        0       -0.030001        0.230582       -0.335220        0.329429       -0.240660        0.000000        0.000000        0.000000
     5     21       2212        2        0        0       -0.000000        0.000000       50.000000       50.008803        0.938270        0.000000        0.000000        0.000000
     6     21         21        4        0        0        0.000000        0.000000        0.000000        0.000000        0.000000        0.000000        0.000000        0.000000
     7     21         21        5        0        0        0.000000        0.000000        0.000000        0.000000        0.000000        0.000000        0.000000        0.000000
     8     21         21        6        0        0        0.000000        0.000000        0.000000        0.000000        0.000000        0.000000        0.000000        0.000000
     9     21         21        7        0        0        0.000000        0.000000        0.000000        0.000000        0.000000        0.000000        0.000000        0.000000
    10     21         21        0        0        0        0.000000        0.000000        0.000000        0.000000        0.000000        0.000000        0.000000        0.000000
    11     21         21        0        0        0        0.000000        0.000000        0.000000        0.000000        0.000000        0.000000        0.000000        0.000000
    12      1         11        3        0        0        0.030001       -0.230582       -4.664780        4.670571        0.000510        0.000000        0.000000        0.000000
    13     12         -1        4       17       17       -0.343154       -0.039229        0.412224        0.630970        0.330000        0.000000        0.000000        0.000000
    14     11          2        5       17       17       -0.158450        0.251765        7.274724        7.288278        0.330000        0.000000        0.000000        0.000000
    15     12          1        4       20       20        0.313741        0.265290        0.104157        0.537179        0.330000        0.000000        0.000000        0.000000
    16     11       2103        5       20       20        0.157862       -0.247244       41.873674       41.881805        0.771330        0.000000        0.000000        0.000000
    17     11         92       13       18       19       -0.501605        0.212536        7.686948        7.919248        1.824427        0.000000        0.000000        0.000000
    18     11       -313       17       25       26       -0.357543        0.157190        2.124306        2.332617        0.880840        0.000000        0.000000        0.000000
    19      1        321       17        0        0       -0.144061        0.055346        5.562642        5.586631        0.493600        0.000000        0.000000        0.000000
    20     11         92       15       21       24        0.471603        0.018046       41.977832       42.418984        6.083511        0.000000        0.000000        0.000000
    21     11        311       20       27       27        0.217496        0.264218        0.456441        0.757053        0.497670        0.000000        0.000000        0.000000
    22      1       -321       20        0        0       -0.089250       -0.148276        1.761298        1.837325        0.493600        0.000000        0.000000        0.000000
    23     11        223       20       28       30        0.107690        0.209640        8.797012        8.835493        0.789278        0.000000        0.000000        0.000000
    24     11       2214       20       31       32        0.235667       -0.307536       30.963080       30.989113        1.209407        0.000000        0.000000        0.000000
    25      1       -321       18        0        0       -0.179294        0.072855        1.983184        2.052831        0.493600        0.000000        0.000000        0.000000
    26      1        211       18        0        0       -0.178249        0.084335        0.141122        0.279787        0.139570        0.000000        0.000000        0.000000
    27      1        130       21        0        0        0.217496        0.264218        0.456441        0.757053        0.497670        0.000000        0.000000        0.000000
    28      1       -211       23        0        0       -0.126536        0.007447        2.051487        2.060132        0.139570        0.000000        0.000000        0.000000
    29      1        211       23        0        0       -0.108769        0.021002        1.047207        1.062259        0.139570        0.000000        0.000000        0.000000
    30     11        111       23       33       34        0.342995        0.181190        5.698319        5.713102        0.134980        0.000000        0.000000        0.000000
    31      1       2212       24        0        0        0.019326       -0.366731       24.184156       24.205136        0.938270        0.000000        0.000000        0.000000
    32     11        111       24       35       36        0.216341        0.059195        6.778924        6.783976        0.134980        0.000000        0.000000        0.000000
    33      1         22       30        0        0        0.242589        0.154400        4.836402        4.844943        0.000000        0.000251        0.000132        0.004163
    34      1         22       30        0        0        0.100406        0.026790        0.861916        0.868158        0.000000        0.000251        0.000132        0.004163
    35      1         22       32        0        0       -0.011546        0.011939        1.306796        1.306901        0.000000        0.000026        0.000007        0.000824
    36      1         22       32        0        0        0.227887        0.047256        5.472128        5.477075        0.000000        0.000026        0.000007        0.000824
 =============== Event finished ===============
   0          7    1   91 2212          0  1.000000            0     1.000000     0.000000      0.10962783324        0.02230044827        0.00020340168      110.49553680420       58.42534255981        2.85110958721      110.49553391720          -0.063645210        -108.975925434           0.063232567           0.799825376           0.023099637          54.667366028           0.021342864           0.002809666           1.101491094           0.772519917           0.530876809          -0.063645210             13
 ============================================
     1     21         11        0        3        4        0.000000        0.000000       -5.000000        5.000000        0.000510        0.000000        0.000000        0.000000
     2     21       2212        0        5        0       -0.000000        0.000000       50.000000       50.008803        0.938270        0.000000        0.000000        0.000000
     3     21         11        1        0        0        0.135007        0.040359       -4.450746        4.452976        0.000510        0.000000        0.000000        0.000000
     4     21         22        1        0        0       -0.135007       -0.040359       -0.549254        0.547024       -0.149333        0.000000        0.000000        0.000000
     5     21       2212        2        0        0       -0.000000       -0.000000       50.000000       50.008803        0.938270        0.000000        0.000000        0.000000
     6     21        113        4        0        0        0.114687       -0.009827       -0.281374        0.814221        0.755337        0.000000        0.000000        0.000000
     7     21       2212        5        0        0       -0.249694       -0.030532       49.732120       49.741606        0.938270        0.000000        0.000000        0.000000
     8     11        113        6        9       10        0.114687       -0.009827       -0.281374        0.814221        0.755337        0.000000        0.000000        0.000000
     9      1        211        8        0        0        0.404960       -0.072535       -0.135050        0.454942        0.139570        0.000000        0.000000        0.000000
    10      1       -211        8        0        0       -0.290273        0.062708       -0.146324        0.359279        0.139570        0.000000        0.000000        0.000000
    11      1       2212        7        0        0       -0.249694       -0.030532       49.732120       49.741606        0.938270        0.000000        0.000000        0.000000
    12      1         11        3        0        0        0.135007        0.040359       -4.450746        4.452976        0.000510        0.000000        0.000000        0.000000
    13     55         22        1        0        0        0.000075       -0.000167       -0.007248        0.007250        0.000000        0.000000        0.000000        0.000000
 =============== Event finished ===============
   0          8    1   99 2212         -2  0.000001           22     0.948683     0.000000      0.00907782757        0.00001141805        0.00000125769        9.95896530151        4.83796072006        2.73621351293        8.96306928197          -4.481534641          -4.481534641           0.000000000           0.000011418           0.000015481           6.154536724           0.021342864           0.060192075           0.949201882           0.000000000           0.484337233          -4.481534641             17
 ============================================
     1     21         11        0        3        4        0.000000        0.000000       -5.000000        5.000000        0.000510        0.000000        0.000000        0.000000
     2     21       2212        0        5        0       -0.000000        0.000000       50.000000       50.008803        0.938270        0.000000        0.000000        0.000000
     3     21         11        1        0        0        0.003091        0.001327       -4.954610        4.954611        0.000510        0.000000        0.000000        0.000000
     4     21         22        1        0        0       -0.003091       -0.001327       -0.045390        0.045389       -0.003379        0.000000        0.000000        0.000000
     5     21       2212        2        0        0       -0.000000       -0.000000       50.000000       50.008803        0.938270        0.000000        0.000000        0.000000
     6     21         22        4        0        0       -0.003391       -0.001455       -0.049779        0.049802       -0.003379        0.000000        0.000000        0.000000
     7     21         -2        5        0        0        0.000000        0.000000        0.000057        0.000057        0.000000        0.000000        0.000000        0.000000
     8     21         22        6        0        0       -0.003391       -0.001455       -0.049779        0.049802       -0.003379        0.000000        0.000000        0.000000
     9     21         -2        7        0        0        0.000000        0.000000        0.000057        0.000057        0.000000        0.000000        0.000000        0.000000
    10     21         -2        9        0        0       -0.003391       -0.001455       -0.049722        0.049859        0.000000        0.000000        0.000000        0.000000
    11      1       2212        5        0        0       -0.161536        0.034665       35.899202       35.911842        0.938270        0.000000        0.000000        0.000000
    12      1         11        3        0        0        0.003091        0.001327       -4.954610        4.954611        0.000510        0.000000        0.000000        0.000000
    13     12         -2       10       15       15       -0.306847       -0.144835        0.737780        0.812066        0.000000        0.000000        0.000000        0.000000
    14     11          2        5       15       15        0.465291        0.108843       13.317629       13.330284        0.330000        0.000000        0.000000        0.000000
    15     11         91       13       16       17        0.158445       -0.035992       14.055408       14.142350        1.557292        0.000000        0.000000        0.000000
    16      1       -211       15        0        0        0.646429        0.190128       11.780036       11.800116        0.139570        0.000000        0.000000        0.000000
    17      1        211       15        0        0       -0.487984       -0.226120        2.275373        2.342234        0.139570        0.000000        0.000000        0.000000
 =============== Event finished ===============
   0          9    1   28 2212          2  0.067821           21     0.310926     0.081428      0.32394999915        0.16111390293        0.00049729808      324.69775390625      172.64674377441        3.52458750917        6.84698464057          -1.678852748          -5.168131892           1.267204892           1.267204892           0.128653288         111.216117859           0.021342864           0.000872526           1.326029181           0.000000000           0.523559781          -1.678852748             62
 ============================================
     1     21         11        0        3        4        0.000000        0.000000       -5.000000        5.000000        0.000510        0.000000        0.000000        0.000000
     2     21       2212        0        5        0       -0.000000        0.000000       50.000000       50.008803        0.938270        0.000000        0.000000        0.000000
     3     21         11        1        0        0        0.306121       -0.123333       -3.372194        3.388305        0.000510        0.000000        0.000000        0.000000
     4     21         22        1        0        0       -0.306121        0.123333       -1.627806        1.611695       -0.401390        0.000000        0.000000        0.000000
     5     21       2212        2        0        0       -0.000000        0.000000       50.000000       50.008803        0.938270        0.000000        0.000000        0.000000
     6     21         21        4        0        0       -0.155504        0.126332       -0.480523        0.520619       -0.000000        0.000000        0.000000        0.000000
     7     21          2        5        0        0        0.067337       -0.266622        3.369660        3.380862       -0.000000        0.000000        0.000000        0.000000
     8     21         21        6        0        0       -0.155504        0.126332       -0.480523        0.520619        0.000000        0.000000        0.000000        0.000000
     9     21          2        7        0        0        0.067337       -0.266622        3.369660        3.380862        0.000000        0.000000        0.000000        0.000000
    10     21         21        0        0        0        0.316955       -0.980242        0.217955        1.053015        0.000000        0.000000        0.000000        0.000000
    11     21          2        0        0        0       -0.405123        0.839953        2.671183        2.848467        0.330000        0.000000        0.000000        0.000000
    12      1         11        3        0        0        0.306121       -0.123333       -3.372194        3.388305        0.000510        0.000000        0.000000        0.000000
    13     12          2       11       18       18       -0.405123        0.839953        2.671183        2.848467        0.330000        0.000000        0.000000        0.000000
    14     11         -2        4       18       18       -0.040171       -0.202042       -0.500705        0.634067        0.330000        0.000000        0.000000        0.000000
    15     12          2        4       22       22       -0.109798        0.198782       -0.475224        0.621536        0.330000        0.000000        0.000000        0.000000
    16     12         21       10       22       22        0.316955       -0.980242        0.217955        1.053015        0.000000        0.000000        0.000000        0.000000
    17     11       2101        5       22       22       -0.067985        0.266883       46.458985       46.463414        0.579330        0.000000        0.000000        0.000000
    18     11         92       13       19       21       -0.445293        0.637911        2.170477        3.482533        2.609952        0.000000        0.000000        0.000000
    19      1        321       18        0        0       -0.422275        0.813522        1.510595        1.834577        0.493600        0.000000        0.000000        0.000000
    20     11       -311       18       30       30        0.310035       -0.049277        0.288320        0.655251        0.497670        0.000000        0.000000        0.000000
    21     11       -213       18       31       32       -0.333053       -0.126334        0.371562        0.992705        0.848835        0.000000        0.000000        0.000000
    22     11         92       15       23       29        0.139172       -0.514578       46.201716       48.137965       13.504846        0.000000        0.000000        0.000000
    23      1        211       22        0        0       -0.389670        0.019885       -0.195340        0.458122        0.139570        0.000000        0.000000        0.000000
    24     11       -213       22       33       34        0.487634       -0.647342        0.432813        1.186927        0.751418        0.000000        0.000000        0.000000
    25     11        323       22       35       36        0.215086        0.070440        1.819090        2.044186        0.904648        0.000000        0.000000        0.000000
    26     11       -311       22       37       37       -0.417120       -0.225861        0.950925        1.173429        0.497670        0.000000        0.000000        0.000000
    27     11        111       22       38       39       -0.049449       -0.259845        4.024278        4.035220        0.134980        0.000000        0.000000        0.000000
    28     11       -213       22       40       41        0.134912        0.483608        7.711882        7.767596        0.781244        0.000000        0.000000        0.000000
    29      1       2212       22        0        0        0.157779        0.044538       31.458068       31.472484        0.938270        0.000000        0.000000        0.000000
    30     11        310       20       42       43        0.310035       -0.049277        0.288320        0.655251        0.497670        0.000000        0.000000        0.000000
    31      1       -211       21        0        0       -0.098352        0.082282       -0.231698        0.299345        0.139570        0.000000        0.000000        0.000000
    32     11        111       21       44       45       -0.234701       -0.208617        0.603260        0.693360        0.134980        0.000000        0.000000        0.000000
    33      1       -211       24        0        0        0.312878        0.062150        0.052269        0.352090        0.139570        0.000000        0.000000        0.000000
    34     11        111       24       46       47        0.174756       -0.709493        0.380545        0.834837        0.134980        0.000000        0.000000        0.000000
    35     11        311       25       48       48       -0.105647        0.208530        1.197420        1.317625        0.497670        0.000000        0.000000        0.000000
    36      1        211       25        0        0        0.320733       -0.138090        0.621670        0.726561        0.139570        0.000000        0.000000        0.000000
    37     11        310       26       49       50       -0.417120       -0.225861        0.950925        1.173429        0.497670        0.000000        0.000000        0.000000
    38      1         22       27        0        0       -0.083214       -0.146497        1.823789        1.831554        0.000000       -0.000002       -0.000008        0.000125
    39      1         22       27        0        0        0.033765       -0.113348        2.200489        2.203666        0.000000       -0.000002       -0.000008        0.000125
    40      1       -211       28        0        0       -0.115382       -0.134641        1.272320        1.292176        0.139570        0.000000        0.000000        0.000000
    41     11        111       28       51       52        0.250294        0.618249        6.439562        6.475420        0.134980        0.000000        0.000000        0.000000
    42     11        111       30       53       54        0.172244       -0.148778        0.341273        0.431845        0.134980        6.921605       -1.100131        6.436819
    43     11        111       30       55       56        0.137791        0.099501       -0.052953        0.223406        0.134980        6.921605       -1.100131        6.436819
    44      1         22       32        0        0       -0.110137       -0.080889        0.401066        0.423706        0.000000       -0.000027       -0.000024        0.000069
    45      1         22       32        0        0       -0.124564       -0.127727        0.202194        0.269654        0.000000       -0.000027       -0.000024        0.000069
    46      1         22       34        0        0        0.052823       -0.162535        0.029090        0.173361        0.000000        0.000136       -0.000551        0.000296
    47      1         22       34        0        0        0.121932       -0.546958        0.351454        0.661476        0.000000        0.000136       -0.000551        0.000296
    48     11        310       35       57       58       -0.105647        0.208530        1.197420        1.317625        0.497670        0.000000        0.000000        0.000000
    49      1        211       37        0        0       -0.378246       -0.201469        0.397892        0.601213        0.139570      -25.502792      -13.809163       58.139696
    50      1       -211       37        0        0       -0.038875       -0.024392        0.553032        0.572216        0.139570      -25.502792      -13.809163       58.139696
    51      1         22       41        0        0        0.157652        0.457905        5.133839        5.156630        0.000000        0.000103        0.000254        0.002645
    52      1         22       41        0        0        0.092642        0.160345        1.305723        1.318789        0.000000        0.000103        0.000254        0.002645
    53      1         22       42        0        0        0.182453       -0.138912        0.249081        0.338566        0.000000        6.921619       -1.100143        6.436846
    54      1         22       42        0        0       -0.010209       -0.009866        0.092192        0.093278        0.000000        6.921619       -1.100143        6.436846
    55      1         22       43        0        0        0.161410        0.081474       -0.024847        0.182507        0.000000        6.921712       -1.100054        6.436778
    56      1         22       43        0        0       -0.023620        0.018027       -0.028106        0.040900        0.000000        6.921712       -1.100054        6.436778
    57     11        111       48       59       60       -0.256691        0.069886        0.558628        0.633292        0.134980       -1.849181        3.649972       20.958890
    58     11        111       48       61       62        0.151044        0.138643        0.638792        0.684333        0.134980       -1.849181        3.649972       20.958890
    59      1         22       57        0        0       -0.185990       -0.007875        0.287486        0.342495        0.000000       -1.849189        3.649975       20.958907
    60      1         22       57        0        0       -0.070701        0.077761        0.271141        0.290797        0.000000       -1.849189        3.649975       20.958907
    61      1         22       58        0        0        0.016071        0.101776        0.223587        0.246186        0.000000       -1.849167        3.649986       20.958950
    62      1         22       58        0        0        0.134973        0.036868        0.415205        0.438146        0.000000       -1.849167        3.649986       20.958950
 =============== Event finished ===============
   0         10    1   91 2212          0  1.000000            0     1.000000     0.000000      0.01840213763        0.00000000394        0.00000000021       19.28410720825        9.80728244781        2.28341653938       19.28410815922          -0.234738323         -17.517225044           0.222086321           0.967922900           0.000000005          12.202630997           0.021342864           0.037338506           1.025332570           0.000000000           0.505011476          -0.234738323             15
 ============================================
     1     21         11        0        3        4        0.000000        0.000000       -5.000000        5.000000        0.000510        0.000000        0.000000        0.000000
     2     21       2212        0        5        0       -0.000000        0.000000       50.000000       50.008803        0.938270        0.000000        0.000000        0.000000
     3     21         11        1        0        0        0.000040        0.000046       -4.907989        4.907989        0.000510        0.000000        0.000000        0.000000
     4     21         22        1        0        0       -0.000040       -0.000046       -0.092011        0.092011       -0.000063        0.000000        0.000000        0.000000
     5     21       2212        2        0        0       -0.000000       -0.000000       50.000000       50.008803        0.938270        0.000000        0.000000        0.000000
     6     21        223        4        0        0        0.127504       -0.453718        2.208263        2.389533        0.781871        0.000000        0.000000        0.000000
     7     21       2212        5        0        0       -0.127544        0.453672       47.699726       47.711280        0.938270        0.000000        0.000000        0.000000
     8     11        223        6       11       13        0.127504       -0.453718        2.208263        2.389533        0.781871        0.000000        0.000000        0.000000
     9      1       2212        7        0        0       -0.127544        0.453672       47.699726       47.711280        0.938270        0.000000        0.000000        0.000000
    10      1         11        3        0        0        0.000040        0.000046       -4.907989        4.907989        0.000510        0.000000        0.000000        0.000000
    11      1        211        8        0        0        0.008229       -0.058969        0.075969        0.169694        0.139570        0.000000        0.000000        0.000000
    12      1       -211        8        0        0        0.020707        0.043658        0.544056        0.563748        0.139570        0.000000        0.000000        0.000000
    13     11        111        8       14       15        0.098569       -0.438408        1.588238        1.656091        0.134980        0.000000        0.000000        0.000000
    14      1         22       13        0        0       -0.019794       -0.069158        0.147820        0.164394        0.000000        0.000041       -0.000181        0.000657
    15      1         22       13        0        0        0.118363       -0.369250        1.440418        1.491697        0.000000        0.000041       -0.000181        0.000657
 =============== Event finished ===============
   0         11    1   99 2212          2  0.000018           22     0.948683     0.000000      0.02563761770        0.00047323920        0.00001845716       26.51975250244       13.66337871552        5.83986710652       23.86777673915         -11.933888370         -11.933888370           0.000000000           0.000473239           0.000546431          14.789927483           0.019148969           0.015023570           0.970628798           0.000000000           0.495390194         -11.933888370             17
 ============================================
     1     21         11        0        3        4        0.000000        0.000000       -5.000000        5.000000        0.000510        0.000000        0.000000        0.000000
     2     21       2212        0        5        0       -0.000000        0.000000       50.000000       50.008803        0.938270        0.000000        0.000000        0.000000
     3     21         11        1        0        0       -0.019398       -0.009211       -4.871788        4.871836        0.000510        0.000000        0.000000        0.000000
     4     21         22        1        0        0        0.019398        0.009211       -0.128212        0.128164       -0.021754        0.000000        0.000000        0.000000
     5     21       2212        2        0        0        0.000000        0.000000       50.000000       50.008803        0.938270        0.000000        0.000000        0.000000
     6     21         22        4        0        0        0.020064        0.009527       -0.132552        0.132627       -0.021754        0.000000        0.000000        0.000000
     7     21          2        5        0        0       -0.000000       -0.000000        0.000892        0.000892        0.000000        0.000000        0.000000        0.000000
     8     21         22        6        0        0        0.020064        0.009527       -0.132552        0.132627       -0.021754        0.000000        0.000000        0.000000
     9     21          2        7        0        0       -0.000000       -0.000000        0.000892        0.000892        0.000000        0.000000        0.000000        0.000000
    10     21          2        9        0        0        0.020064        0.009527       -0.131659        0.133520        0.000000        0.000000        0.000000        0.000000
    11      1         11        3        0        0       -0.019398       -0.009211       -4.871788        4.871836        0.000510        0.000000        0.000000        0.000000
    12     12          2       10       14       14       -0.051730       -0.445726        0.257883        0.517543        0.000000        0.000000        0.000000        0.000000
    13     11       2101        5       14       14        0.071127        0.454937       49.613905       49.619424        0.579330        0.000000        0.000000        0.000000
    14     11         92       12       15       17        0.019398        0.009211       49.871788       50.136967        5.149733        0.000000        0.000000        0.000000
    15      1       2212       14        0        0       -0.148835       -0.012983        3.093182        3.235807        0.938270        0.000000        0.000000        0.000000
    16      1      -2212       14        0        0       -0.023390       -0.628570        5.958010        6.064147        0.938270        0.000000        0.000000        0.000000
    17      1       2212       14        0        0        0.191623        0.650764       40.820596       40.837013        0.938270        0.000000        0.000000        0.000000
 =============== Event finished ===============
   0         12    1   95 2212         21  0.000000           21     0.000000     0.000000      0.01798631945        0.00000011258        0.00000000626       18.86825370789        9.58567523956        5.41604986134        0.00000000000           0.000000000           0.000000000           0.000000000           0.000000000           0.000000149          11.937354088           0.019148969           0.038566213           1.025153637           0.000000000           0.516535324           0.000000000             31
 ============================================
     1     21         11        0        3        4        0.000000        0.000000       -5.000000        5.000000        0.000510        0.000000        0.000000        0.000000
     2     21       2212        0        5        0       -0.000000        0.000000       50.000000       50.008803        0.938270        0.000000        0.000000        0.000000
     3     21         11        1        0        0       -0.000215       -0.000253       -4.910068        4.910068        0.000510        0.000000        0.000000        0.000000
     4     21         22        1        0        0        0.000215        0.000253       -0.089932        0.089932       -0.000336        0.000000        0.000000        0.000000
     5     21       2212        2        0        0       -0.000000        0.000000       50.000000       50.008803        0.938270        0.000000        0.000000        0.000000
     6     21         21        4        0        0        0.000000        0.000000        0.000000        0.000000        0.000000        0.000000        0.000000        0.000000
     7     21         21        5        0        0        0.000000        0.000000        0.000000        0.000000        0.000000        0.000000        0.000000        0.000000
     8     21         21        6        0        0        0.000000        0.000000        0.000000        0.000000        0.000000        0.000000        0.000000        0.000000
     9     21         21        7        0        0        0.000000        0.000000        0.000000        0.000000        0.000000        0.000000        0.000000        0.000000
    10     21         21        0        0        0        0.000000        0.000000        0.000000        0.000000        0.000000        0.000000        0.000000        0.000000
    11     21         21        0        0        0        0.000000        0.000000        0.000000        0.000000        0.000000        0.000000        0.000000        0.000000
    12      1         11        3        0        0       -0.000215       -0.000253       -4.910068        4.910068        0.000510        0.000000        0.000000        0.000000
    13     12          2        4       19       19        0.242102        0.439967        1.365270        1.491659        0.330000        0.000000        0.000000        0.000000
    14     11       2101        5       20       20        0.358200        0.328154       35.562248       35.570284        0.579330        0.000000        0.000000        0.000000
    15     12         -2        4       17       17       -0.241920       -0.439752        6.642499        6.669603        0.330000        0.000000        0.000000        0.000000
    16     11          2        5       17       17       -0.358167       -0.328114        6.340051        6.367188        0.330000        0.000000        0.000000        0.000000
    17     11         91       15       18       18       -0.600087       -0.767867       12.982550       13.036791        0.679409        0.000000        0.000000        0.000000
    18     11        223       17       21       23       -0.589997       -0.754678       13.574280       13.630935        0.789730        0.000000        0.000000        0.000000
    19     12          2       13       24       24        0.237723        0.432010        1.340581        1.464684        0.324032        0.000000        0.000000        0.000000
    20     11       2101       14       24       24        0.352489        0.322921       34.995207       35.003115        0.570093        0.000000        0.000000        0.000000
    21      1        211       18        0        0       -0.169445        0.012597        3.947084        3.953204        0.139570        0.000000        0.000000        0.000000
    22      1       -211       18        0        0       -0.317492       -0.627519        8.435022        8.465439        0.139570        0.000000        0.000000        0.000000
    23     11        111       18       28       29       -0.103060       -0.139756        1.192174        1.212292        0.134980        0.000000        0.000000        0.000000
    24     11         92       19       25       27        0.590212        0.754932       36.335788       36.467799        2.948322        0.000000        0.000000        0.000000
    25     11        111       24       30       31        0.510579        0.682501        3.843357        3.939049        0.134980        0.000000        0.000000        0.000000
    26      1        211       24        0        0       -0.215603       -0.373815       10.359622       10.369545        0.139570        0.000000        0.000000        0.000000
    27      1       2112       24        0        0        0.295237        0.446245       22.132809       22.159204        0.939570        0.000000        0.000000        0.000000
    28      1         22       23        0        0       -0.020677       -0.098433        0.907803        0.913358        0.000000       -0.000018       -0.000024        0.000206
    29      1         22       23        0        0       -0.082383       -0.041323        0.284371        0.298934        0.000000       -0.000018       -0.000024        0.000206
    30      1         22       25        0        0        0.412335        0.561235        2.871749        2.954987        0.000000        0.000060        0.000080        0.000453
    31      1         22       25        0        0        0.098243        0.121267        0.971607        0.984062        0.000000        0.000060        0.000080        0.000453
 =============== Event finished ===============
